011000000000000000000000000000000000000000000000000000000000000000000000000000000000000000000000
100000000000000000000000000000000000000000000000000001000000000000000000000000000000000000000000
100100000000000000000000000000000000000000000000000000000000000000000000000000000000000000000000
001010000000000000000000000000000000000000000000000000000000000000000000000000000000000000000000
000100000000000000000000000000000000000000000000000000000100000000000000000000000000000000000000
000000110000000000000000000000000000000000000000000000000100000000000000000000000000000000000000
000001000000000000000000000000000000000000000000000000100000000000100000000000000000000000000000
000001000000000000000000000000000000000000000000000000000000000000110000000000000000000000000000
000000000000000000000000000000000000000000000000000000000000000000100000000000000000000000000000
000000000010000000000000000000000000000000000000000000000000000000100000000000000000000000000000
000000000100000000000000000000000000000000000000000000000010000000000000000000000000000000000000
000000000000110000000000000000000000000000000000000000000010000000000000000000000000000000000000
000000000001000000000000000000000000000000000000000000010000000000001000000000000000000000000000
000000000001000000000000000000000000000000000000000000000000000000000000000000000010000001000000
000000000000000100000000000000000000000000000000000000000000000000001000000000000000000000000000
000000000000001000000000000000000000000000000000000000000001000000000000000000000000000000000000
000000000000000001000010000000000000000000000000000000000000000000000000000000000100000000000000
000000000000000010000000000000000000000000000000000000000000100000000000000000000000000000000000
000000000000000000010000000000000000000000000000000000000000000000000000000000000001000000000000
000000000000000000100000000000000000000000000000000000000000000000000000100000000000000000000000
000000000000000000000100000000000000000000000000000000000000000000000000100000000000000000000000
000000000000000000001000000000000000000000000000000000000000100000000000000000000000000000000000
000000000000000010000000000000000000000000000000000000000000000000000000000000000000000000000000
000000000000000000000000100000000000000000000000000000000000100000000100000000000000000000000000
000000000000000000000001011000000000000000000000000000001000000000000000000000000000000000000000
000000000000000000000000100000000000000000000000000000000000010000000100000000000000000000000000
000000000000000000000000100100000000000000000000000000000000000000000100000000000000000000000000
000000000000000000000000001000000000000000000000000000000000000000000000010000000000000000000000
000000000000000000000000000000000000000000000000000000000000010000000010000000000000000000000000
000000000000000000000000000000100000000000000000000000000000000000000010000000000000100000000000
000000000000000000000000000001000000000000000000000000000000000000000000001000000000000000000000
000000000000000000000000000000001000000000000000000000000000000000000000001000000000000000000000
000000000000000000000000000000010000000000000000000000000000001000000000000000000000000000000000
000000000000000000000000000000000010000000000000000000000000001000000000000000000000000000000000
000000000000000000000000000000000101000000000000000000000000000000000000000000000000000000000000
000000000000000000000000000000000010000000000000000000000000000000000001000100000000000000000000
000000000000000000000000000000000000010000000000000000000000000000000001000000000000000000000000
000000000000000000000000000000000000100000000000000000000000000100000000000000000000000000001000
000000000000000000000000000000000000000000000000000000000000000000000000000000000000000000000000
000000000000000000000000000000000000000000000000000000000000000000000000000001010000000000000000
000000000000000000000000000000000000000000000000000000000000000000000000000000000000000011000000
000000000000000000000000000000000000000000000000000000000000000000000000000000000000000001100000
000000000000000000000000000000000000000000000000000000000000000000000000000000000000000000110000
000000000000000000000000000000000000000000000000000000000000000000000000000000000000000000011000
000000000000000000000000000000000000000000000000000000000000000000000000000000000000000010001000
000000000000000000000000000000000000000000000010000000000000000000000000000000000000000000000100
000000000000000000000000000000000000000000000101000000000000000000000000000000000000000000000000
000000000000000000000000000000000000000000000010100000000000000000000000000000000000000000000000
000000000000000000000000000000000000000000000001010000000000000000000000000000000000000000000000
000000000000000000000000000000000000000000000000101000000000000000000000000000000000000000000000
000000000000000000000000000000000000000000000000010100000000000000000000000000000000000000000000
000000000000000000000000000000000000000000000000001010000000000000000000000000000000000000000000
000000000000000000000000000000000000000000000000000100000000000000000000000000000000000000000010
010000000000000000000000000000000000000000000000000000000000000000000000000000000000000000000000
000000100000000000000000000000000000000000000000000000000000000000000000000000000000000000000000
000000000000100000000000000000000000000000000000000000000000000000000000000000000000000000000000
000000000000000000000000100000000000000000000000000000000000000000000000000000000000000000000000
000011000000000000000000000000000000000000000000000000000000000000000000000000000000000000000000
000000000011000000000000000000000000000000000000000000000000000000000000000000000000000000000000
000000000000000100000000000000000000000000000000000000000000000000000000000000001000000000000000
000000000000000001000101000000000000000000000000000000000000000000000000000000000000000000000000
000000000000000000000000010010000000000000000000000000000000000000000000000000000000000000000000
000000000000000000000000000000001100000000000000000000000000000000000000000000000000000000000000
000000000000000000000000000000000000010000000000000000000000000010000001000000000000000000000000
000000000000000000000000000000000000000000000000000000000000000100000000000000000000000000001000
000000000000000000000000000000000000000000000000000000000000000000000000000100000000000000000000
000000111100000000000000000000000000000000000000000000000000000000000000000000000000000000000000
000000010000000000000000000000000000000000000000000000000000000000000000000010000000000010000000
000000000000101000000000000000000000000000000000000000000000000000000000000000000000000000000000
000000000000000000000001011000000000000000000000000000000000000000000000000000000000000000000000
000000000000000000000000000011000000000000000000000000000000000000000000000000000000100000000000
000000000000000000000000000000000001100000000000000000000000000100000000000000000000000000000000
000000000000000000011000000000000000000000000000000000000000000000000000000000000000000000000000
000000000000000000000000000100000000000000000000000000000000000000000000000000000000000000010000
000000000000000000000000000000110000000000000000000000000000000000000000000000000000000000000000
000000000000000000000000000000000001000000000000000000000000000001000000000000000000000000000000
000000000000000000000000000000000000000000000000000000000000000000010000000001000000000000000000
100000000000000000000000000000000000000100000000000000000000000000000000000010000000000000000000
000000000000000000000000000000000000000000000000000000000000000000000000000000000000000000000000
000000000000000000000000000000000000000100000000000000000000000000000000000000100000000000000000
000000000000000000000000000000000000000000000000000000000001000000000000000000000100000000000000
000000000000000010000000000000000000000000000000000000000000000000000000000000001000000000000000
000000000000010000000000000000000000000000000000000000000000000000000000000000000001000000000000
000000000000000000100000000000000000000000000000000000000000000000000000000000000010000000000000
000000000000000000000000000001000000000000000000000000000000000000000010000000000000010000000000
000000000000000000000000000000000000000000000000000000000000000000000000000000000000100000000000
000000000000000000000000000000000000000000000000000000000000000000000000000000000000000100000000
000000000000000000000000000000000000000000000000000000000000000000000000000000000000001000000000
000000000000000000000000000000000000000010001000000000000000000000010000000000000000000000000000
000000000000010000000000000000000000000011000000000000000000000000000000000000000000000000000000
000000000000000000000000000000000000000001100000000000000000000000000000000000000000000000000000
000000000000000000000000000000000000000000110000000000000000000000000000010000000000000000000000
000000000000000000000000000000000000010000011000000000000000000010000000000000000000000000000000
000000000000000000000000000000000000000000000100000000000000000000000000000000000000000000000000
000000000000000000000000000000000000000000000000000010000000000000000000000000000000000000000000
